1
1000 2000
100000 1 0 1 1 1 1 1 1 1 1 1 1 1 1 1 1 1 1 1 1 1 1 1 1 1 1 1 1 1 1 1 1 1 1 1 1 1 1 1 1 1 1 1 1 1 1 1 1 1 1 1 1 1 1 1 1 1 1 1 1 1 1 1 1 1 1 1 1 1 1 1 1 1 1 1 1 1 1 1 1 1 1 1 1 1 1 1 1 1 1 1 1 1 1 1 1 1 1 1 1 1 1 1 1 1 1 1 1 1 1 1 1 1 1 1 1 1 1 1 1 1 1 1 1 1 1 1 1 1 1 1 1 1 1 1 1 1 1 1 1 1 1 1 1 1 1 1 1 1 1 1 1 1 1 1 1 1 1 1 1 1 1 1 1 1 1 1 1 1 1 1 1 1 1 1 1 1 1 1 1 1 1 1 1 1 1 1 1 1 1 1 1 1 1 1 1 1 1 1 1 1 1 1 1 1 1 1 1 1 1 1 1 1 1 1 1 1 1 1 1 1 1 1 1 1 1 1 1 1 1 1 1 1 1 1 1 1 1 1 1 1 1 1 1 1 1 1 1 1 1 1 1 1 1 1 1 1 1 1 1 1 1 1 1 1 1 1 1 1 1 1 1 1 1 1 1 1 1 1 1 1 1 1 1 1 1 1 1 1 1 1 1 1 1 1 1 1 1 1 1 1 1 1 1 1 1 1 1 1 1 1 1 1 1 1 1 1 1 1 1 1 1 1 1 1 1 1 1 1 1 1 1 1 1 1 1 1 1 1 1 1 1 1 1 1 1 1 1 1 1 1 1 1 1 1 1 1 1 1 1 1 1 1 1 1 1 1 1 1 1 1 1 1 1 1 1 1 1 1 1 1 1 1 1 1 1 1 1 1 1 1 1 1 1 1 1 1 1 1 1 1 1 1 1 1 1 1 1 1 1 1 1 1 1 1 1 1 1 1 1 1 1 1 1 1 1 1 1 1 1 1 1 1 1 1 1 1 1 1 1 1 1 1 1 1 1 1 1 1 1 1 1 1 1 1 1 1 1 1 1 1 1 1 1 1 1 1 1 1 1 1 1 1 1 1 1 1 1 1 1 1 1 1 1 1 1 1 1 1 1 1 1 1 1 1 1 1 1 1 1 1 1 1 1 1 1 1 1 1 1 1 1 1 1 1 1 1 1 1 1 1 1 1 1 1 1 1 1 1 1 1 1 1 1 1 1 1 1 1 1 1 1 1 1 1 1 1 1 1 1 1 1 1 1 1 1 1 1 1 1 1 1 1 1 1 1 1 1 1 1 1 1 1 1 1 1 1 1 1 1 1 1 1 1 1 1 1 1 1 1 1 1 1 1 1 1 1 1 1 1 1 1 1 1 1 1 1 1 1 1 1 1 1 1 1 1 1 1 1 1 1 1 1 1 1 1 1 1 1 1 1 1 1 1 1 1 1 1 1 1 1 1 1 1 1 1 1 1 1 1 1 1 1 1 1 1 1 1 1 1 1 1 1 1 1 1 1 1 1 1 1 1 1 1 1 1 1 1 1 1 1 1 1 1 1 1 1 1 1 1 1 1 1 1 1 1 1 1 1 1 1 1 1 1 1 1 1 1 1 1 1 1 1 1 1 1 1 1 1 1 1 1 1 1 1 1 1 1 1 1 1 1 1 1 1 1 1 1 1 1 1 1 1 1 1 1 1 1 1 1 1 1 1 1 1 1 1 1 1 1 1 1 1 1 1 1 1 1 1 1 1 1 1 1 1 1 1 1 1 1 1 1 1 1 1 1 1 1 1 1 1 1 1 1 1 1 1 1 1 1 1 1 1 1 1 1 1 1 1 1 1 1 1 1 1 1 1 1 1 1 1 1 1 1 1 1 1 1 1 1 1 1 1 1 1 1 1 1 1 1 1 1 1 1 1 1 1 1 1 1 1 1 1 1 1 1 1 1 1 1 1 1 1 1 1 1 1 1 1 1 1 1 1 1 1 1 1 1 1 1 1 1 1 1 1 1 1 1 1 1 1 1 1 1 1 1 1 1 1 1 1 1 1 1 1 1 1 1 1 1 1 1 1 1 1 1 1 1 1 1 1 1 1 1 1 1 1 1 1 1 1 1 1 1 1 1 1 1 1 1 1 1 1 1 1 1 1 1 1 1 1 1 1 1 1 1 1 1 1 1 1 1 1 1 1 1 1 1 1 1 1 1 1 1 1 1 1 1 1 1 1 1 1 1 1 1 1 1 1 1 1 1 1 1 1 1 2 2 2
1 2
2 3
3 4
4 5
5 6
6 7
7 8
8 9
9 10
10 11
11 12
12 13
13 14
14 15
15 16
16 17
17 18
18 19
19 20
20 21
21 22
22 23
23 24
24 25
25 26
26 27
27 28
28 29
29 30
30 31
31 32
32 33
33 34
34 35
35 36
36 37
37 38
38 39
39 40
40 41
41 42
42 43
43 44
44 45
45 46
46 47
47 48
48 49
49 50
50 51
51 52
52 53
53 54
54 55
55 56
56 57
57 58
58 59
59 60
60 61
61 62
62 63
63 64
64 65
65 66
66 67
67 68
68 69
69 70
70 71
71 72
72 73
73 74
74 75
75 76
76 77
77 78
78 79
79 80
80 81
81 82
82 83
83 84
84 85
85 86
86 87
87 88
88 89
89 90
90 91
91 92
92 93
93 94
94 95
95 96
96 97
97 98
98 99
99 100
100 101
101 102
102 103
103 104
104 105
105 106
106 107
107 108
108 109
109 110
110 111
111 112
112 113
113 114
114 115
115 116
116 117
117 118
118 119
119 120
120 121
121 122
122 123
123 124
124 125
125 126
126 127
127 128
128 129
129 130
130 131
131 132
132 133
133 134
134 135
135 136
136 137
137 138
138 139
139 140
140 141
141 142
142 143
143 144
144 145
145 146
146 147
147 148
148 149
149 150
150 151
151 152
152 153
153 154
154 155
155 156
156 157
157 158
158 159
159 160
160 161
161 162
162 163
163 164
164 165
165 166
166 167
167 168
168 169
169 170
170 171
171 172
172 173
173 174
174 175
175 176
176 177
177 178
178 179
179 180
180 181
181 182
182 183
183 184
184 185
185 186
186 187
187 188
188 189
189 190
190 191
191 192
192 193
193 194
194 195
195 196
196 197
197 198
198 199
199 200
200 201
201 202
202 203
203 204
204 205
205 206
206 207
207 208
208 209
209 210
210 211
211 212
212 213
213 214
214 215
215 216
216 217
217 218
218 219
219 220
220 221
221 222
222 223
223 224
224 225
225 226
226 227
227 228
228 229
229 230
230 231
231 232
232 233
233 234
234 235
235 236
236 237
237 238
238 239
239 240
240 241
241 242
242 243
243 244
244 245
245 246
246 247
247 248
248 249
249 250
250 251
251 252
252 253
253 254
254 255
255 256
256 257
257 258
258 259
259 260
260 261
261 262
262 263
263 264
264 265
265 266
266 267
267 268
268 269
269 270
270 271
271 272
272 273
273 274
274 275
275 276
276 277
277 278
278 279
279 280
280 281
281 282
282 283
283 284
284 285
285 286
286 287
287 288
288 289
289 290
290 291
291 292
292 293
293 294
294 295
295 296
296 297
297 298
298 299
299 300
300 301
301 302
302 303
303 304
304 305
305 306
306 307
307 308
308 309
309 310
310 311
311 312
312 313
313 314
314 315
315 316
316 317
317 318
318 319
319 320
320 321
321 322
322 323
323 324
324 325
325 326
326 327
327 328
328 329
329 330
330 331
331 332
332 333
333 334
334 335
335 336
336 337
337 338
338 339
339 340
340 341
341 342
342 343
343 344
344 345
345 346
346 347
347 348
348 349
349 350
350 351
351 352
352 353
353 354
354 355
355 356
356 357
357 358
358 359
359 360
360 361
361 362
362 363
363 364
364 365
365 366
366 367
367 368
368 369
369 370
370 371
371 372
372 373
373 374
374 375
375 376
376 377
377 378
378 379
379 380
380 381
381 382
382 383
383 384
384 385
385 386
386 387
387 388
388 389
389 390
390 391
391 392
392 393
393 394
394 395
395 396
396 397
397 398
398 399
399 400
400 401
401 402
402 403
403 404
404 405
405 406
406 407
407 408
408 409
409 410
410 411
411 412
412 413
413 414
414 415
415 416
416 417
417 418
418 419
419 420
420 421
421 422
422 423
423 424
424 425
425 426
426 427
427 428
428 429
429 430
430 431
431 432
432 433
433 434
434 435
435 436
436 437
437 438
438 439
439 440
440 441
441 442
442 443
443 444
444 445
445 446
446 447
447 448
448 449
449 450
450 451
451 452
452 453
453 454
454 455
455 456
456 457
457 458
458 459
459 460
460 461
461 462
462 463
463 464
464 465
465 466
466 467
467 468
468 469
469 470
470 471
471 472
472 473
473 474
474 475
475 476
476 477
477 478
478 479
479 480
480 481
481 482
482 483
483 484
484 485
485 486
486 487
487 488
488 489
489 490
490 491
491 492
492 493
493 494
494 495
495 496
496 497
497 498
498 499
499 500
500 501
501 502
502 503
503 504
504 505
505 506
506 507
507 508
508 509
509 510
510 511
511 512
512 513
513 514
514 515
515 516
516 517
517 518
518 519
519 520
520 521
521 522
522 523
523 524
524 525
525 526
526 527
527 528
528 529
529 530
530 531
531 532
532 533
533 534
534 535
535 536
536 537
537 538
538 539
539 540
540 541
541 542
542 543
543 544
544 545
545 546
546 547
547 548
548 549
549 550
550 551
551 552
552 553
553 554
554 555
555 556
556 557
557 558
558 559
559 560
560 561
561 562
562 563
563 564
564 565
565 566
566 567
567 568
568 569
569 570
570 571
571 572
572 573
573 574
574 575
575 576
576 577
577 578
578 579
579 580
580 581
581 582
582 583
583 584
584 585
585 586
586 587
587 588
588 589
589 590
590 591
591 592
592 593
593 594
594 595
595 596
596 597
597 598
598 599
599 600
600 601
601 602
602 603
603 604
604 605
605 606
606 607
607 608
608 609
609 610
610 611
611 612
612 613
613 614
614 615
615 616
616 617
617 618
618 619
619 620
620 621
621 622
622 623
623 624
624 625
625 626
626 627
627 628
628 629
629 630
630 631
631 632
632 633
633 634
634 635
635 636
636 637
637 638
638 639
639 640
640 641
641 642
642 643
643 644
644 645
645 646
646 647
647 648
648 649
649 650
650 651
651 652
652 653
653 654
654 655
655 656
656 657
657 658
658 659
659 660
660 661
661 662
662 663
663 664
664 665
665 666
666 667
667 668
668 669
669 670
670 671
671 672
672 673
673 674
674 675
675 676
676 677
677 678
678 679
679 680
680 681
681 682
682 683
683 684
684 685
685 686
686 687
687 688
688 689
689 690
690 691
691 692
692 693
693 694
694 695
695 696
696 697
697 698
698 699
699 700
700 701
701 702
702 703
703 704
704 705
705 706
706 707
707 708
708 709
709 710
710 711
711 712
712 713
713 714
714 715
715 716
716 717
717 718
718 719
719 720
720 721
721 722
722 723
723 724
724 725
725 726
726 727
727 728
728 729
729 730
730 731
731 732
732 733
733 734
734 735
735 736
736 737
737 738
738 739
739 740
740 741
741 742
742 743
743 744
744 745
745 746
746 747
747 748
748 749
749 750
750 751
751 752
752 753
753 754
754 755
755 756
756 757
757 758
758 759
759 760
760 761
761 762
762 763
763 764
764 765
765 766
766 767
767 768
768 769
769 770
770 771
771 772
772 773
773 774
774 775
775 776
776 777
777 778
778 779
779 780
780 781
781 782
782 783
783 784
784 785
785 786
786 787
787 788
788 789
789 790
790 791
791 792
792 793
793 794
794 795
795 796
796 797
797 798
798 799
799 800
800 801
801 802
802 803
803 804
804 805
805 806
806 807
807 808
808 809
809 810
810 811
811 812
812 813
813 814
814 815
815 816
816 817
817 818
818 819
819 820
820 821
821 822
822 823
823 824
824 825
825 826
826 827
827 828
828 829
829 830
830 831
831 832
832 833
833 834
834 835
835 836
836 837
837 838
838 839
839 840
840 841
841 842
842 843
843 844
844 845
845 846
846 847
847 848
848 849
849 850
850 851
851 852
852 853
853 854
854 855
855 856
856 857
857 858
858 859
859 860
860 861
861 862
862 863
863 864
864 865
865 866
866 867
867 868
868 869
869 870
870 871
871 872
872 873
873 874
874 875
875 876
876 877
877 878
878 879
879 880
880 881
881 882
882 883
883 884
884 885
885 886
886 887
887 888
888 889
889 890
890 891
891 892
892 893
893 894
894 895
895 896
896 897
897 898
898 899
899 900
900 901
901 902
902 903
903 904
904 905
905 906
906 907
907 908
908 909
909 910
910 911
911 912
912 913
913 914
914 915
915 916
916 917
917 918
918 919
919 920
920 921
921 922
922 923
923 924
924 925
925 926
926 927
927 928
928 929
929 930
930 931
931 932
932 933
933 934
934 935
935 936
936 937
937 938
938 939
939 940
940 941
941 942
942 943
943 944
944 945
945 946
946 947
947 948
948 949
949 950
950 951
951 952
952 953
953 954
954 955
955 956
956 957
957 958
958 959
959 960
960 961
961 962
962 963
963 964
964 965
965 966
966 967
967 968
968 969
969 970
970 971
971 972
972 973
973 974
974 975
975 976
976 977
977 978
978 979
979 980
980 981
981 982
982 983
983 984
984 985
985 986
986 987
987 988
988 989
989 990
990 991
991 992
992 993
993 994
994 995
995 996
996 997
997 998
998 999
999 1000
1 990
2 990
3 990
4 990
5 990
6 990
7 990
8 990
9 990
10 990
11 990
12 990
13 990
14 990
15 990
16 990
17 990
18 990
19 990
20 990
21 990
22 990
23 990
24 990
25 990
26 990
27 990
28 990
29 990
30 990
31 990
32 990
33 990
34 990
35 990
36 990
37 990
38 990
39 990
40 990
41 990
42 990
43 990
44 990
45 990
46 990
47 990
48 990
49 990
50 990
51 990
52 990
53 990
54 990
55 990
56 990
57 990
58 990
59 990
60 990
61 990
62 990
63 990
64 990
65 990
66 990
67 990
68 990
69 990
70 990
71 990
72 990
73 990
74 990
75 990
76 990
77 990
78 990
79 990
80 990
81 990
82 990
83 990
84 990
85 990
86 990
87 990
88 990
89 990
90 990
91 990
92 990
93 990
94 990
95 990
96 990
97 990
98 990
99 990
100 990
101 990
102 990
103 990
104 990
105 990
106 990
107 990
108 990
109 990
110 990
111 990
112 990
113 990
114 990
115 990
116 990
117 990
118 990
119 990
120 990
121 990
122 990
123 990
124 990
125 990
126 990
127 990
128 990
129 990
130 990
131 990
132 990
133 990
134 990
135 990
136 990
137 990
138 990
139 990
140 990
141 990
142 990
143 990
144 990
145 990
146 990
147 990
148 990
149 990
150 990
151 990
152 990
153 990
154 990
155 990
156 990
157 990
158 990
159 990
160 990
161 990
162 990
163 990
164 990
165 990
166 990
167 990
168 990
169 990
170 990
171 990
172 990
173 990
174 990
175 990
176 990
177 990
178 990
179 990
180 990
181 990
182 990
183 990
184 990
185 990
186 990
187 990
188 990
189 990
190 990
191 990
192 990
193 990
194 990
195 990
196 990
197 990
198 990
199 990
200 990
201 990
202 990
203 990
204 990
205 990
206 990
207 990
208 990
209 990
210 990
211 990
212 990
213 990
214 990
215 990
216 990
217 990
218 990
219 990
220 990
221 990
222 990
223 990
224 990
225 990
226 990
227 990
228 990
229 990
230 990
231 990
232 990
233 990
234 990
235 990
236 990
237 990
238 990
239 990
240 990
241 990
242 990
243 990
244 990
245 990
246 990
247 990
248 990
249 990
250 990
251 990
252 990
253 990
254 990
255 990
256 990
257 990
258 990
259 990
260 990
261 990
262 990
263 990
264 990
265 990
266 990
267 990
268 990
269 990
270 990
271 990
272 990
273 990
274 990
275 990
276 990
277 990
278 990
279 990
280 990
281 990
282 990
283 990
284 990
285 990
286 990
287 990
288 990
289 990
290 990
291 990
292 990
293 990
294 990
295 990
296 990
297 990
298 990
299 990
300 990
301 990
302 990
303 990
304 990
305 990
306 990
307 990
308 990
309 990
310 990
311 990
312 990
313 990
314 990
315 990
316 990
317 990
318 990
319 990
320 990
321 990
322 990
323 990
324 990
325 990
326 990
327 990
328 990
329 990
330 990
331 990
332 990
333 990
334 990
335 990
336 990
337 990
338 990
339 990
340 990
341 990
342 990
343 990
344 990
345 990
346 990
347 990
348 990
349 990
350 990
351 990
352 990
353 990
354 990
355 990
356 990
357 990
358 990
359 990
360 990
361 990
362 990
363 990
364 990
365 990
366 990
367 990
368 990
369 990
370 990
371 990
372 990
373 990
374 990
375 990
376 990
377 990
378 990
379 990
380 990
381 990
382 990
383 990
384 990
385 990
386 990
387 990
388 990
389 990
390 990
391 990
392 990
393 990
394 990
395 990
396 990
397 990
398 990
399 990
400 990
401 990
402 990
403 990
404 990
405 990
406 990
407 990
408 990
409 990
410 990
411 990
412 990
413 990
414 990
415 990
416 990
417 990
418 990
419 990
420 990
421 990
422 990
423 990
424 990
425 990
426 990
427 990
428 990
429 990
430 990
431 990
432 990
433 990
434 990
435 990
436 990
437 990
438 990
439 990
440 990
441 990
442 990
443 990
444 990
445 990
446 990
447 990
448 990
449 990
450 990
451 990
452 990
453 990
454 990
455 990
456 990
457 990
458 990
459 990
460 990
461 990
462 990
463 990
464 990
465 990
466 990
467 990
468 990
469 990
470 990
471 990
472 990
473 990
474 990
475 990
476 990
477 990
478 990
479 990
480 990
481 990
482 990
483 990
484 990
485 990
486 990
487 990
488 990
489 990
490 990
491 990
492 990
493 990
494 990
495 990
496 990
497 990
498 990
499 990
500 990
501 990
502 990
503 990
504 990
505 990
506 990
507 990
508 990
509 990
510 990
511 990
512 990
513 990
514 990
515 990
516 990
517 990
518 990
519 990
520 990
521 990
522 990
523 990
524 990
525 990
526 990
527 990
528 990
529 990
530 990
531 990
532 990
533 990
534 990
535 990
536 990
537 990
538 990
539 990
540 990
541 990
542 990
543 990
544 990
545 990
546 990
547 990
548 990
549 990
550 990
551 990
552 990
553 990
554 990
555 990
556 990
557 990
558 990
559 990
560 990
561 990
562 990
563 990
564 990
565 990
566 990
567 990
568 990
569 990
570 990
571 990
572 990
573 990
574 990
575 990
576 990
577 990
578 990
579 990
580 990
581 990
582 990
583 990
584 990
585 990
586 990
587 990
588 990
589 990
590 990
591 990
592 990
593 990
594 990
595 990
596 990
597 990
598 990
599 990
600 990
601 990
602 990
603 990
604 990
605 990
606 990
607 990
608 990
609 990
610 990
611 990
612 990
613 990
614 990
615 990
616 990
617 990
618 990
619 990
620 990
621 990
622 990
623 990
624 990
625 990
626 990
627 990
628 990
629 990
630 990
631 990
632 990
633 990
634 990
635 990
636 990
637 990
638 990
639 990
640 990
641 990
642 990
643 990
644 990
645 990
646 990
647 990
648 990
649 990
650 990
651 990
652 990
653 990
654 990
655 990
656 990
657 990
658 990
659 990
660 990
661 990
662 990
663 990
664 990
665 990
666 990
667 990
668 990
669 990
670 990
671 990
672 990
673 990
674 990
675 990
676 990
677 990
678 990
679 990
680 990
681 990
682 990
683 990
684 990
685 990
686 990
687 990
688 990
689 990
690 990
691 990
692 990
693 990
694 990
695 990
696 990
697 990
698 990
699 990
700 990
701 990
702 990
703 990
704 990
705 990
706 990
707 990
708 990
709 990
710 990
711 990
712 990
713 990
714 990
715 990
716 990
717 990
718 990
719 990
720 990
721 990
722 990
723 990
724 990
725 990
726 990
727 990
728 990
729 990
730 990
731 990
732 990
733 990
734 990
735 990
736 990
737 990
738 990
739 990
740 990
741 990
742 990
743 990
744 990
745 990
746 990
747 990
748 990
749 990
750 990
751 990
752 990
753 990
754 990
755 990
756 990
757 990
758 990
759 990
760 990
761 990
762 990
763 990
764 990
765 990
766 990
767 990
768 990
769 990
770 990
771 990
772 990
773 990
774 990
775 990
776 990
777 990
778 990
779 990
780 990
781 990
782 990
783 990
784 990
785 990
786 990
787 990
788 990
789 990
790 990
791 990
792 990
793 990
794 990
795 990
796 990
797 990
798 990
799 990
800 990
801 990
802 990
803 990
804 990
805 990
806 990
807 990
808 990
809 990
810 990
811 990
812 990
813 990
814 990
815 990
816 990
817 990
818 990
819 990
820 990
821 990
822 990
823 990
824 990
825 990
826 990
827 990
828 990
829 990
830 990
831 990
832 990
833 990
834 990
835 990
836 990
837 990
838 990
839 990
840 990
841 990
842 990
843 990
844 990
845 990
846 990
847 990
848 990
849 990
850 990
851 990
852 990
853 990
854 990
855 990
856 990
857 990
858 990
859 990
860 990
861 990
862 990
863 990
864 990
865 990
866 990
867 990
868 990
869 990
870 990
871 990
872 990
873 990
874 990
875 990
876 990
877 990
878 990
879 990
880 990
881 990
882 990
883 990
884 990
885 990
886 990
887 990
888 990
889 990
890 990
891 990
892 990
893 990
894 990
895 990
896 990
897 990
898 990
899 990
900 990
901 990
902 990
903 990
904 990
905 990
906 990
907 990
908 990
909 990
910 990
911 990
912 990
913 990
914 990
915 990
916 990
917 990
918 990
919 990
920 990
921 990
922 990
923 990
924 990
925 990
926 990
927 990
928 990
929 990
930 990
931 990
932 990
933 990
934 990
935 990
936 990
937 990
938 990
939 990
940 990
941 990
942 990
943 990
944 990
945 990
946 990
947 990
948 990
949 990
950 990
951 990
952 990
953 990
954 990
955 990
956 990
957 990
958 990
959 990
960 990
961 990
962 990
963 990
964 990
965 990
966 990
967 990
968 990
969 990
970 990
971 990
972 990
973 990
974 990
975 990
976 990
977 990
978 990
979 990
980 990
981 990
982 990
983 990
984 990
985 990
986 990
987 990
988 990
989 990
800 900
800 900
800 900
800 900
800 900
800 900
800 900
800 900
800 900
800 900
800 900
801 900
1000